295 778 0.0135744182751
254 672 0.155887985267
150 756 0.104637206931
370 990 0.187074961007
425 942 0.221475653107
110 390 0.0395192804264
114 686 0.0105150072409
580 698 0.160087171013
714 970 0.205064175557
198 220 0.0815576551146
306 761 0.0591686286875
353 929 0.0617459803194
256 821 0.0645816402272
643 773 0.0721236226043
104 762 0.0164838706221
42 229 0.0649349328648
254 851 0.125641741585
552 994 0.141472960751
453 844 0.106166124342
174 475 0.0920160631602
667 851 0.172234301942
569 704 0.156489759025
59 360 0.0207611405155
53 656 0.0255486594821
349 747 0.251836850524
139 533 0.023712470333
246 963 0.0119888315227
526 998 0.107692817094
47 325 0.0201635752817
209 488 0.157306252789
78 656 0.0456806637804
74 252 0.0961014663771
172 413 0.133799660778
859 980 0.195163032642
245 265 0.0885138577899
46 168 0.0528228297674
567 872 0.217466664609
894 910 0.0499286053805
445 792 0.0987531716719
528 646 0.0748148913664
31 607 0.0277230844545
205 811 0.116737479666
942 981 0.0301990657629
327 807 0.0864517087011
697 871 0.0379787918813
706 925 0.0918411129749
307 952 0.0338990777989
488 616 0.0223793215534
11 870 0.103963486031
828 975 0.0184450483875
883 942 0.331361854294
152 404 0.11201250016
27 702 0.0362952781535
284 687 0.163559341041
281 339 0.168947472563
813 985 0.105073703669
73 268 0.0997479830139
346 440 0.160797324567
204 336 0.0102942737995
119 758 0.0464155404142
278 681 0.0807498939378
491 748 0.0411714780438
374 698 0.00943079663969
433 990 0.101839659672
660 850 0.265183251495
165 741 0.0158817111588
313 357 0.0940369018533
122 367 0.004448076275
250 275 0.000493651036697
142 928 0.0942152437226
591 781 0.072205753776
355 448 0.04750131284
107 211 0.11377227871
145 191 0.0308348046559
87 902 0.0432762643704
255 361 0.058436341617
517 974 0.143293363265
163 469 0.0364345403086
640 825 0.0167611610152
807 917 0.132241960554
104 157 0.0118790600215
676 885 0.0973135886357
452 608 0.00882586869227
12 73 0.00862392350032
365 628 0.0610414307547
44 570 0.0318372269038
197 681 0.11141730233
656 953 0.259936918739
145 708 0.122656272287
852 940 0.225364586242
92 651 0.191791816273
964 990 0.0748640810936
252 522 0.143838173292
468 527 0.11644782465
504 812 0.04818316403
223 480 0.0676148647842
339 380 0.0153165212452
468 726 0.00874316905378
528 801 0.0379290554209
149 253 0.00552704677156
63 94 0.20306667051
28 590 0.0293153500849
184 462 0.063049600552
89 730 0.107820880628
64 231 0.0782991371669
173 892 0.0505975542564
386 863 0.254524802946
385 921 0.08430647608
411 786 0.117995626308
412 520 0.0731583347416
135 806 0.00987757404343
94 193 0.125795745492
117 298 0.0808517556224
410 474 0.186718003528
0 212 0.0617174907119
32 403 0.131164156818
288 769 0.192553935289
571 709 0.0124027148356
26 520 0.102925272818
382 570 0.200310567931
588 951 0.0110332495712
304 907 0.0943899416751
49 794 0.115139173605
540 709 0.189022244838
677 719 0.159445742439
0 721 0.0951040696431
734 752 0.0869142965113
84 885 0.0111464751288
73 941 0.10994245964
534 933 0.0175630459795
431 718 0.0776952051972
156 813 0.0525746607413
189 853 0.112890052819
461 915 0.16796118141
208 878 0.159968099155
613 655 0.0217625137839
51 193 0.069444328696
158 208 0.206760665478
578 975 0.210786715356
394 709 0.0365897365531
485 647 0.166212348447
22 286 0.0435634610943
771 906 0.00672150900542
42 821 0.0430192561459
872 974 0.186510271348
103 233 0.00281165327336
58 728 0.0977251064998
561 737 0.102851461241
170 529 0.281514002943
566 731 0.081139661074
744 772 0.123088411496
475 784 0.308406500947
55 644 0.0715916111759
172 204 0.00534298355313
421 808 0.100834711243
35 787 0.324842015112
519 980 0.212938804507
302 598 0.0546578371971
132 192 0.0149736414091
15 451 0.0664326800712
52 708 0.0655025784355
584 942 0.00815266172386
288 805 0.171245093673
114 806 0.356343902799
411 942 0.191320146451
516 591 0.192478622616
168 794 0.0209868240353
695 957 0.00281617137709
455 624 0.11129790181
745 772 0.00837156487356
4 907 0.00518652648949
387 721 0.0209096773806
674 832 0.0843503603596
526 614 0.1665740587
158 708 0.286078088417
734 841 0.0617989131382
352 506 0.0898011009066
116 264 0.0804587974161
657 913 0.063741715472
120 414 0.156727254604
878 886 0.00369875510061
1 520 0.0985979697388
279 608 0.103929786886
695 795 0.000564529963326
72 152 0.0335052894184
107 836 0.0672778544656
115 580 0.15376361005
367 439 0.145419263213
208 299 0.269104738192
319 713 0.0847698953179
24 931 0.157597370673
610 806 0.237394706727
867 899 0.0513430399585
531 819 0.163091122343
248 368 0.0216564654378
306 818 0.0589015276151
569 879 0.00618583686133
449 521 0.183519341603
98 932 0.0897724660739
766 931 0.149987871521
382 668 0.095313104977
142 461 0.0740015348936
429 604 0.111266587504
1 762 0.15450017763
49 515 0.126489504474
95 236 0.160953469636
409 645 0.0875435726966
62 827 0.0560366694015
69 748 0.143788841194
328 948 0.00221464513311
179 285 0.152161483618
655 750 0.0893053134912
196 662 0.0356979712095
11 578 0.11423206407
91 603 0.171045134704
217 904 0.063950113533
136 878 0.181271244681
315 696 0.273176733315
211 673 0.180532540285
169 210 0.0780262322684
305 307 0.0454932569879
347 442 0.290421917442
750 864 0.0450918348154
118 133 0.238064241016
613 795 0.174545347659
263 502 0.023301630254
285 864 0.0919119866888
1 173 0.106152666397
608 955 0.154167394317
81 848 0.195931579804
486 753 0.116250426844
170 712 0.0796201823468
50 537 0.167696575659
237 868 0.286102855859
260 707 0.0632656427496
821 829 0.0483307809768
414 736 0.0413924608016
286 923 0.193710259126
543 659 0.0625431507628
522 728 0.009540434005
208 435 0.0672562887116
293 361 0.105309592319
186 263 0.0803748363768
479 865 0.157266652159
83 254 0.0710272813062
26 265 0.181397635803
233 794 0.00571598225587
654 863 0.15486272211
417 676 0.0679934446412
327 631 0.0200409794161
238 747 0.015420842496

